KRIS
1 
20 
20 
10 
15 
10 
15 
4 
0 
752 
0 
55 
220 
55 
221 
55 
210 
55 
206 
55 
0 
0 
0 
0 
0 
0 
0 
51 
50 
0 
0 
0 
0 
0 
44 
0 
1 
1 
0 
1 
0 
0 
0 
2 
1 
1 
0 
0 
0 
0 
0 
0 
52 
8 
1536 
0 
1 
0 
0 
1 
1 
1 
1 
1 
1 
2 
0 
0 
0 
1 
0 
0 
3 
0 
5 
1 
-1 
0 
0 
1 
0 
0 
0 
0 
0 
1 
0 
0 
5 
76 
0 
1 
0 
-1 
1 
1 
0 
1 
0 
4 
0 
2 
0 
0 
4 
1 
4 
0 
8 
0 
0 
0 
0 
0 
0 
1 
0 
4 
2 
2 
1 
0 
3 
0 
0 
0 
0 
1 
6 
0 
0 
1 
2 
0 
0 
1 
1 
1 
0 
1 
1 
1 
1 
1 
1 
0 
0 
0 
0 
0 
0 
0 
0 
0 
0 
0 
0 
0 
0 
1 
0 
0 
1 
1 
1 
0 
0 
0 
1 
1 
0 
1 
1 
1 
1 
0 
1 
1 
1 
1 
1 
1 
1 
1 
1 
1 
0 
0 
0 
0 
0 
0 
0 
0 
0 
0 
0 
0 
0 
0 
0 
0 
0 
0 
0 
0 
0 
0 
0 
0 
0 
0 
0 
0 
0 
0 
0 
0 
0 
0 
0 
0 
0 
0 
0 
0 
0 
0 
0 
205 
0 
0 
0 
0 
0 
0 
0 
0 
0 
0 
0 
0 
0 
0 
0 
0 
0 
0 
0 
0 
0 
0 
0 
0 
0 
0 
0 
0 
0 
0 
0 
0 
0 
0 
0 
0 
0 
0 
0 
0 
0 
0 
0 
0 
0 
0 
0 
0 
0 
1 
0 
0 
0 
1 
0 
0 
0 
0 
0 
1 
0 
0 
0 
0 
1 
0 
0 
0 
0 
1 
0 
0 
0 
0 
2 
0 
1 
0 
0 
2 
0 
0 
1 
0 
0 
0 
1 
0 
1 
0 
0 
0 
0 
0 
0 
0 
0 
0 
0 
16 
46 
25 
0 
0 
0 
0 
0 
0 
0 
999 
0 
0 
0 
0 
0 
0 
0 
0 
0 
0 
0 
0 
0 
0 
0 
0 
0 
0 
0 
0 
0 
0 
0 
0 
0 
0 
0 
0 
0 
0 
0 
0 
0 
0 
0 
0 
0 
0 
0 
0 
1500 
1 
0 
2 
2 
1 
4 
3 
0 
0 
0 
0 
0 
0 
0 
0 
0 
0 
26 
3 
1 
1 
1 
1 
1 
0 
0 
30 
1 
0 
0 
10 
0 
0 
2 
1 
0 
0 
5 
0 
1 
0 
0 
0 
6 
6 
0 
0 
1 
1 
0 
0 
0 
0 
0 
0 
0 
5 
1 
0 
0 
0 
2 
1 
0 
1 
1 
1 
1 
0 
3 
0 
0 
2 
0 
1 
0 
0 
0 
0 
1 
1 
0 
1 
1 
0 
0 
0 
0 
2 
0 
0 
0 
0 
1 
0 
0 
0 
0 
2 
0 
1 
1 
1 
2 
0 
0 
1 
3 
10 
1 
0 
0 
0 
1 
0 
0 
0 
0 
0 
0 
0 
0 
0 
0 
0 
0 
0 
1 
0 
3 
3 
3 
3 
1 
10 
0 
1 
1 
1 
1 
0 
12 
0 
1 
5 
0 
0 
0 
1 
3 
4 
1 
14 
1 
1 
1 
1 
0 
2 
0 
999 
1 
1 
1 
411 
236 
859707 